"country","region","region_code","start_date","end_date","days","year","week","population","total_deaths","covid_deaths","expected_deaths"
"Ecuador","Ecuador",0,"2014-12-29","2015-01-04",7,2015,1,18001002,1327,0,"TBC"
"Ecuador","Ecuador",0,"2015-01-05","2015-01-11",7,2015,2,18001002,1234,0,"TBC"
"Ecuador","Ecuador",0,"2015-01-12","2015-01-18",7,2015,3,18001002,1305,0,"TBC"
"Ecuador","Ecuador",0,"2015-01-19","2015-01-25",7,2015,4,18001002,1176,0,"TBC"
"Ecuador","Ecuador",0,"2015-01-26","2015-02-01",7,2015,5,18001002,1184,0,"TBC"
"Ecuador","Ecuador",0,"2015-02-02","2015-02-08",7,2015,6,18001002,1208,0,"TBC"
"Ecuador","Ecuador",0,"2015-02-09","2015-02-15",7,2015,7,18001002,1301,0,"TBC"
"Ecuador","Ecuador",0,"2015-02-16","2015-02-22",7,2015,8,18001002,1272,0,"TBC"
"Ecuador","Ecuador",0,"2015-02-23","2015-03-01",7,2015,9,18001002,1238,0,"TBC"
"Ecuador","Ecuador",0,"2015-03-02","2015-03-08",7,2015,10,18001002,1332,0,"TBC"
"Ecuador","Ecuador",0,"2015-03-09","2015-03-15",7,2015,11,18001002,1286,0,"TBC"
"Ecuador","Ecuador",0,"2015-03-16","2015-03-22",7,2015,12,18001002,1231,0,"TBC"
"Ecuador","Ecuador",0,"2015-03-23","2015-03-29",7,2015,13,18001002,1180,0,"TBC"
"Ecuador","Ecuador",0,"2015-03-30","2015-04-05",7,2015,14,18001002,1330,0,"TBC"
"Ecuador","Ecuador",0,"2015-04-06","2015-04-12",7,2015,15,18001002,1321,0,"TBC"
"Ecuador","Ecuador",0,"2015-04-13","2015-04-19",7,2015,16,18001002,1253,0,"TBC"
"Ecuador","Ecuador",0,"2015-04-20","2015-04-26",7,2015,17,18001002,1310,0,"TBC"
"Ecuador","Ecuador",0,"2015-04-27","2015-05-03",7,2015,18,18001002,1287,0,"TBC"
"Ecuador","Ecuador",0,"2015-05-04","2015-05-10",7,2015,19,18001002,1288,0,"TBC"
"Ecuador","Ecuador",0,"2015-05-11","2015-05-17",7,2015,20,18001002,1335,0,"TBC"
"Ecuador","Ecuador",0,"2015-05-18","2015-05-24",7,2015,21,18001002,1340,0,"TBC"
"Ecuador","Ecuador",0,"2015-05-25","2015-05-31",7,2015,22,18001002,1366,0,"TBC"
"Ecuador","Ecuador",0,"2015-06-01","2015-06-07",7,2015,23,18001002,1345,0,"TBC"
"Ecuador","Ecuador",0,"2015-06-08","2015-06-14",7,2015,24,18001002,1238,0,"TBC"
"Ecuador","Ecuador",0,"2015-06-15","2015-06-21",7,2015,25,18001002,1322,0,"TBC"
"Ecuador","Ecuador",0,"2015-06-22","2015-06-28",7,2015,26,18001002,1318,0,"TBC"
"Ecuador","Ecuador",0,"2015-06-29","2015-07-05",7,2015,27,18001002,1291,0,"TBC"
"Ecuador","Ecuador",0,"2015-07-06","2015-07-12",7,2015,28,18001002,1243,0,"TBC"
"Ecuador","Ecuador",0,"2015-07-13","2015-07-19",7,2015,29,18001002,1285,0,"TBC"
"Ecuador","Ecuador",0,"2015-07-20","2015-07-26",7,2015,30,18001002,1213,0,"TBC"
"Ecuador","Ecuador",0,"2015-07-27","2015-08-02",7,2015,31,18001002,1236,0,"TBC"
"Ecuador","Ecuador",0,"2015-08-03","2015-08-09",7,2015,32,18001002,1235,0,"TBC"
"Ecuador","Ecuador",0,"2015-08-10","2015-08-16",7,2015,33,18001002,1221,0,"TBC"
"Ecuador","Ecuador",0,"2015-08-17","2015-08-23",7,2015,34,18001002,1252,0,"TBC"
"Ecuador","Ecuador",0,"2015-08-24","2015-08-30",7,2015,35,18001002,1252,0,"TBC"
"Ecuador","Ecuador",0,"2015-08-31","2015-09-06",7,2015,36,18001002,1209,0,"TBC"
"Ecuador","Ecuador",0,"2015-09-07","2015-09-13",7,2015,37,18001002,1166,0,"TBC"
"Ecuador","Ecuador",0,"2015-09-14","2015-09-20",7,2015,38,18001002,1196,0,"TBC"
"Ecuador","Ecuador",0,"2015-09-21","2015-09-27",7,2015,39,18001002,1240,0,"TBC"
"Ecuador","Ecuador",0,"2015-09-28","2015-10-04",7,2015,40,18001002,1252,0,"TBC"
"Ecuador","Ecuador",0,"2015-10-05","2015-10-11",7,2015,41,18001002,1234,0,"TBC"
"Ecuador","Ecuador",0,"2015-10-12","2015-10-18",7,2015,42,18001002,1226,0,"TBC"
"Ecuador","Ecuador",0,"2015-10-19","2015-10-25",7,2015,43,18001002,1278,0,"TBC"
"Ecuador","Ecuador",0,"2015-10-26","2015-11-01",7,2015,44,18001002,1210,0,"TBC"
"Ecuador","Ecuador",0,"2015-11-02","2015-11-08",7,2015,45,18001002,1201,0,"TBC"
"Ecuador","Ecuador",0,"2015-11-09","2015-11-15",7,2015,46,18001002,1229,0,"TBC"
"Ecuador","Ecuador",0,"2015-11-16","2015-11-22",7,2015,47,18001002,1180,0,"TBC"
"Ecuador","Ecuador",0,"2015-11-23","2015-11-29",7,2015,48,18001002,1224,0,"TBC"
"Ecuador","Ecuador",0,"2015-11-30","2015-12-06",7,2015,49,18001002,1248,0,"TBC"
"Ecuador","Ecuador",0,"2015-12-07","2015-12-13",7,2015,50,18001002,1260,0,"TBC"
"Ecuador","Ecuador",0,"2015-12-14","2015-12-20",7,2015,51,18001002,1257,0,"TBC"
"Ecuador","Ecuador",0,"2015-12-21","2015-12-27",7,2015,52,18001002,1242,0,"TBC"
"Ecuador","Ecuador",0,"2015-12-28","2016-01-03",7,2015,53,18001002,1367,0,"TBC"
"Ecuador","Ecuador",0,"2016-01-04","2016-01-10",7,2016,1,18001002,1241,0,"TBC"
"Ecuador","Ecuador",0,"2016-01-11","2016-01-17",7,2016,2,18001002,1270,0,"TBC"
"Ecuador","Ecuador",0,"2016-01-18","2016-01-24",7,2016,3,18001002,1250,0,"TBC"
"Ecuador","Ecuador",0,"2016-01-25","2016-01-31",7,2016,4,18001002,1265,0,"TBC"
"Ecuador","Ecuador",0,"2016-02-01","2016-02-07",7,2016,5,18001002,1339,0,"TBC"
"Ecuador","Ecuador",0,"2016-02-08","2016-02-14",7,2016,6,18001002,1391,0,"TBC"
"Ecuador","Ecuador",0,"2016-02-15","2016-02-21",7,2016,7,18001002,1264,0,"TBC"
"Ecuador","Ecuador",0,"2016-02-22","2016-02-28",7,2016,8,18001002,1291,0,"TBC"
"Ecuador","Ecuador",0,"2016-02-29","2016-03-06",7,2016,9,18001002,1327,0,"TBC"
"Ecuador","Ecuador",0,"2016-03-07","2016-03-13",7,2016,10,18001002,1470,0,"TBC"
"Ecuador","Ecuador",0,"2016-03-14","2016-03-20",7,2016,11,18001002,1434,0,"TBC"
"Ecuador","Ecuador",0,"2016-03-21","2016-03-27",7,2016,12,18001002,1389,0,"TBC"
"Ecuador","Ecuador",0,"2016-03-28","2016-04-03",7,2016,13,18001002,1466,0,"TBC"
"Ecuador","Ecuador",0,"2016-04-04","2016-04-10",7,2016,14,18001002,1399,0,"TBC"
"Ecuador","Ecuador",0,"2016-04-11","2016-04-17",7,2016,15,18001002,1987,0,"TBC"
"Ecuador","Ecuador",0,"2016-04-18","2016-04-24",7,2016,16,18001002,1302,0,"TBC"
"Ecuador","Ecuador",0,"2016-04-25","2016-05-01",7,2016,17,18001002,1259,0,"TBC"
"Ecuador","Ecuador",0,"2016-05-02","2016-05-08",7,2016,18,18001002,1363,0,"TBC"
"Ecuador","Ecuador",0,"2016-05-09","2016-05-15",7,2016,19,18001002,1238,0,"TBC"
"Ecuador","Ecuador",0,"2016-05-16","2016-05-22",7,2016,20,18001002,1248,0,"TBC"
"Ecuador","Ecuador",0,"2016-05-23","2016-05-29",7,2016,21,18001002,1260,0,"TBC"
"Ecuador","Ecuador",0,"2016-05-30","2016-06-05",7,2016,22,18001002,1293,0,"TBC"
"Ecuador","Ecuador",0,"2016-06-06","2016-06-12",7,2016,23,18001002,1276,0,"TBC"
"Ecuador","Ecuador",0,"2016-06-13","2016-06-19",7,2016,24,18001002,1242,0,"TBC"
"Ecuador","Ecuador",0,"2016-06-20","2016-06-26",7,2016,25,18001002,1333,0,"TBC"
"Ecuador","Ecuador",0,"2016-06-27","2016-07-03",7,2016,26,18001002,1241,0,"TBC"
"Ecuador","Ecuador",0,"2016-07-04","2016-07-10",7,2016,27,18001002,1237,0,"TBC"
"Ecuador","Ecuador",0,"2016-07-11","2016-07-17",7,2016,28,18001002,1226,0,"TBC"
"Ecuador","Ecuador",0,"2016-07-18","2016-07-24",7,2016,29,18001002,1258,0,"TBC"
"Ecuador","Ecuador",0,"2016-07-25","2016-07-31",7,2016,30,18001002,1248,0,"TBC"
"Ecuador","Ecuador",0,"2016-08-01","2016-08-07",7,2016,31,18001002,1243,0,"TBC"
"Ecuador","Ecuador",0,"2016-08-08","2016-08-14",7,2016,32,18001002,1308,0,"TBC"
"Ecuador","Ecuador",0,"2016-08-15","2016-08-21",7,2016,33,18001002,1238,0,"TBC"
"Ecuador","Ecuador",0,"2016-08-22","2016-08-28",7,2016,34,18001002,1267,0,"TBC"
"Ecuador","Ecuador",0,"2016-08-29","2016-09-04",7,2016,35,18001002,1346,0,"TBC"
"Ecuador","Ecuador",0,"2016-09-05","2016-09-11",7,2016,36,18001002,1213,0,"TBC"
"Ecuador","Ecuador",0,"2016-09-12","2016-09-18",7,2016,37,18001002,1245,0,"TBC"
"Ecuador","Ecuador",0,"2016-09-19","2016-09-25",7,2016,38,18001002,1280,0,"TBC"
"Ecuador","Ecuador",0,"2016-09-26","2016-10-02",7,2016,39,18001002,1250,0,"TBC"
"Ecuador","Ecuador",0,"2016-10-03","2016-10-09",7,2016,40,18001002,1309,0,"TBC"
"Ecuador","Ecuador",0,"2016-10-10","2016-10-16",7,2016,41,18001002,1303,0,"TBC"
"Ecuador","Ecuador",0,"2016-10-17","2016-10-23",7,2016,42,18001002,1226,0,"TBC"
"Ecuador","Ecuador",0,"2016-10-24","2016-10-30",7,2016,43,18001002,1270,0,"TBC"
"Ecuador","Ecuador",0,"2016-10-31","2016-11-06",7,2016,44,18001002,1282,0,"TBC"
"Ecuador","Ecuador",0,"2016-11-07","2016-11-13",7,2016,45,18001002,1395,0,"TBC"
"Ecuador","Ecuador",0,"2016-11-14","2016-11-20",7,2016,46,18001002,1303,0,"TBC"
"Ecuador","Ecuador",0,"2016-11-21","2016-11-27",7,2016,47,18001002,1242,0,"TBC"
"Ecuador","Ecuador",0,"2016-11-28","2016-12-04",7,2016,48,18001002,1232,0,"TBC"
"Ecuador","Ecuador",0,"2016-12-05","2016-12-11",7,2016,49,18001002,1295,0,"TBC"
"Ecuador","Ecuador",0,"2016-12-12","2016-12-18",7,2016,50,18001002,1267,0,"TBC"
"Ecuador","Ecuador",0,"2016-12-19","2016-12-25",7,2016,51,18001002,1370,0,"TBC"
"Ecuador","Ecuador",0,"2016-12-26","2017-01-01",7,2016,52,18001002,1447,0,"TBC"
"Ecuador","Ecuador",0,"2017-01-02","2017-01-08",7,2017,1,18001002,1351,0,"TBC"
"Ecuador","Ecuador",0,"2017-01-09","2017-01-15",7,2017,2,18001002,1426,0,"TBC"
"Ecuador","Ecuador",0,"2017-01-16","2017-01-22",7,2017,3,18001002,1359,0,"TBC"
"Ecuador","Ecuador",0,"2017-01-23","2017-01-29",7,2017,4,18001002,1303,0,"TBC"
"Ecuador","Ecuador",0,"2017-01-30","2017-02-05",7,2017,5,18001002,1364,0,"TBC"
"Ecuador","Ecuador",0,"2017-02-06","2017-02-12",7,2017,6,18001002,1423,0,"TBC"
"Ecuador","Ecuador",0,"2017-02-13","2017-02-19",7,2017,7,18001002,1400,0,"TBC"
"Ecuador","Ecuador",0,"2017-02-20","2017-02-26",7,2017,8,18001002,1473,0,"TBC"
"Ecuador","Ecuador",0,"2017-02-27","2017-03-05",7,2017,9,18001002,1497,0,"TBC"
"Ecuador","Ecuador",0,"2017-03-06","2017-03-12",7,2017,10,18001002,1527,0,"TBC"
"Ecuador","Ecuador",0,"2017-03-13","2017-03-19",7,2017,11,18001002,1500,0,"TBC"
"Ecuador","Ecuador",0,"2017-03-20","2017-03-26",7,2017,12,18001002,1491,0,"TBC"
"Ecuador","Ecuador",0,"2017-03-27","2017-04-02",7,2017,13,18001002,1477,0,"TBC"
"Ecuador","Ecuador",0,"2017-04-03","2017-04-09",7,2017,14,18001002,1441,0,"TBC"
"Ecuador","Ecuador",0,"2017-04-10","2017-04-16",7,2017,15,18001002,1411,0,"TBC"
"Ecuador","Ecuador",0,"2017-04-17","2017-04-23",7,2017,16,18001002,1454,0,"TBC"
"Ecuador","Ecuador",0,"2017-04-24","2017-04-30",7,2017,17,18001002,1321,0,"TBC"
"Ecuador","Ecuador",0,"2017-05-01","2017-05-07",7,2017,18,18001002,1363,0,"TBC"
"Ecuador","Ecuador",0,"2017-05-08","2017-05-14",7,2017,19,18001002,1394,0,"TBC"
"Ecuador","Ecuador",0,"2017-05-15","2017-05-21",7,2017,20,18001002,1352,0,"TBC"
"Ecuador","Ecuador",0,"2017-05-22","2017-05-28",7,2017,21,18001002,1357,0,"TBC"
"Ecuador","Ecuador",0,"2017-05-29","2017-06-04",7,2017,22,18001002,1362,0,"TBC"
"Ecuador","Ecuador",0,"2017-06-05","2017-06-11",7,2017,23,18001002,1364,0,"TBC"
"Ecuador","Ecuador",0,"2017-06-12","2017-06-18",7,2017,24,18001002,1344,0,"TBC"
"Ecuador","Ecuador",0,"2017-06-19","2017-06-25",7,2017,25,18001002,1306,0,"TBC"
"Ecuador","Ecuador",0,"2017-06-26","2017-07-02",7,2017,26,18001002,1342,0,"TBC"
"Ecuador","Ecuador",0,"2017-07-03","2017-07-09",7,2017,27,18001002,1313,0,"TBC"
"Ecuador","Ecuador",0,"2017-07-10","2017-07-16",7,2017,28,18001002,1379,0,"TBC"
"Ecuador","Ecuador",0,"2017-07-17","2017-07-23",7,2017,29,18001002,1317,0,"TBC"
"Ecuador","Ecuador",0,"2017-07-24","2017-07-30",7,2017,30,18001002,1312,0,"TBC"
"Ecuador","Ecuador",0,"2017-07-31","2017-08-06",7,2017,31,18001002,1386,0,"TBC"
"Ecuador","Ecuador",0,"2017-08-07","2017-08-13",7,2017,32,18001002,1262,0,"TBC"
"Ecuador","Ecuador",0,"2017-08-14","2017-08-20",7,2017,33,18001002,1306,0,"TBC"
"Ecuador","Ecuador",0,"2017-08-21","2017-08-27",7,2017,34,18001002,1222,0,"TBC"
"Ecuador","Ecuador",0,"2017-08-28","2017-09-03",7,2017,35,18001002,1294,0,"TBC"
"Ecuador","Ecuador",0,"2017-09-04","2017-09-10",7,2017,36,18001002,1258,0,"TBC"
"Ecuador","Ecuador",0,"2017-09-11","2017-09-17",7,2017,37,18001002,1227,0,"TBC"
"Ecuador","Ecuador",0,"2017-09-18","2017-09-24",7,2017,38,18001002,1259,0,"TBC"
"Ecuador","Ecuador",0,"2017-09-25","2017-10-01",7,2017,39,18001002,1230,0,"TBC"
"Ecuador","Ecuador",0,"2017-10-02","2017-10-08",7,2017,40,18001002,1310,0,"TBC"
"Ecuador","Ecuador",0,"2017-10-09","2017-10-15",7,2017,41,18001002,1220,0,"TBC"
"Ecuador","Ecuador",0,"2017-10-16","2017-10-22",7,2017,42,18001002,1293,0,"TBC"
"Ecuador","Ecuador",0,"2017-10-23","2017-10-29",7,2017,43,18001002,1285,0,"TBC"
"Ecuador","Ecuador",0,"2017-10-30","2017-11-05",7,2017,44,18001002,1319,0,"TBC"
"Ecuador","Ecuador",0,"2017-11-06","2017-11-12",7,2017,45,18001002,1309,0,"TBC"
"Ecuador","Ecuador",0,"2017-11-13","2017-11-19",7,2017,46,18001002,1288,0,"TBC"
"Ecuador","Ecuador",0,"2017-11-20","2017-11-26",7,2017,47,18001002,1261,0,"TBC"
"Ecuador","Ecuador",0,"2017-11-27","2017-12-03",7,2017,48,18001002,1325,0,"TBC"
"Ecuador","Ecuador",0,"2017-12-04","2017-12-10",7,2017,49,18001002,1329,0,"TBC"
"Ecuador","Ecuador",0,"2017-12-11","2017-12-17",7,2017,50,18001002,1260,0,"TBC"
"Ecuador","Ecuador",0,"2017-12-18","2017-12-24",7,2017,51,18001002,1341,0,"TBC"
"Ecuador","Ecuador",0,"2017-12-25","2017-12-31",7,2017,52,18001002,1342,0,"TBC"
"Ecuador","Ecuador",0,"2018-01-01","2018-01-07",7,2018,1,18001002,1502,0,"TBC"
"Ecuador","Ecuador",0,"2018-01-08","2018-01-14",7,2018,2,18001002,1496,0,"TBC"
"Ecuador","Ecuador",0,"2018-01-15","2018-01-21",7,2018,3,18001002,1492,0,"TBC"
"Ecuador","Ecuador",0,"2018-01-22","2018-01-28",7,2018,4,18001002,1581,0,"TBC"
"Ecuador","Ecuador",0,"2018-01-29","2018-02-04",7,2018,5,18001002,1418,0,"TBC"
"Ecuador","Ecuador",0,"2018-02-05","2018-02-11",7,2018,6,18001002,1395,0,"TBC"
"Ecuador","Ecuador",0,"2018-02-12","2018-02-18",7,2018,7,18001002,1502,0,"TBC"
"Ecuador","Ecuador",0,"2018-02-19","2018-02-25",7,2018,8,18001002,1451,0,"TBC"
"Ecuador","Ecuador",0,"2018-02-26","2018-03-04",7,2018,9,18001002,1413,0,"TBC"
"Ecuador","Ecuador",0,"2018-03-05","2018-03-11",7,2018,10,18001002,1432,0,"TBC"
"Ecuador","Ecuador",0,"2018-03-12","2018-03-18",7,2018,11,18001002,1399,0,"TBC"
"Ecuador","Ecuador",0,"2018-03-19","2018-03-25",7,2018,12,18001002,1283,0,"TBC"
"Ecuador","Ecuador",0,"2018-03-26","2018-04-01",7,2018,13,18001002,1330,0,"TBC"
"Ecuador","Ecuador",0,"2018-04-02","2018-04-08",7,2018,14,18001002,1383,0,"TBC"
"Ecuador","Ecuador",0,"2018-04-09","2018-04-15",7,2018,15,18001002,1369,0,"TBC"
"Ecuador","Ecuador",0,"2018-04-16","2018-04-22",7,2018,16,18001002,1334,0,"TBC"
"Ecuador","Ecuador",0,"2018-04-23","2018-04-29",7,2018,17,18001002,1316,0,"TBC"
"Ecuador","Ecuador",0,"2018-04-30","2018-05-06",7,2018,18,18001002,1356,0,"TBC"
"Ecuador","Ecuador",0,"2018-05-07","2018-05-13",7,2018,19,18001002,1274,0,"TBC"
"Ecuador","Ecuador",0,"2018-05-14","2018-05-20",7,2018,20,18001002,1429,0,"TBC"
"Ecuador","Ecuador",0,"2018-05-21","2018-05-27",7,2018,21,18001002,1286,0,"TBC"
"Ecuador","Ecuador",0,"2018-05-28","2018-06-03",7,2018,22,18001002,1248,0,"TBC"
"Ecuador","Ecuador",0,"2018-06-04","2018-06-10",7,2018,23,18001002,1370,0,"TBC"
"Ecuador","Ecuador",0,"2018-06-11","2018-06-17",7,2018,24,18001002,1357,0,"TBC"
"Ecuador","Ecuador",0,"2018-06-18","2018-06-24",7,2018,25,18001002,1309,0,"TBC"
"Ecuador","Ecuador",0,"2018-06-25","2018-07-01",7,2018,26,18001002,1388,0,"TBC"
"Ecuador","Ecuador",0,"2018-07-02","2018-07-08",7,2018,27,18001002,1415,0,"TBC"
"Ecuador","Ecuador",0,"2018-07-09","2018-07-15",7,2018,28,18001002,1368,0,"TBC"
"Ecuador","Ecuador",0,"2018-07-16","2018-07-22",7,2018,29,18001002,1324,0,"TBC"
"Ecuador","Ecuador",0,"2018-07-23","2018-07-29",7,2018,30,18001002,1283,0,"TBC"
"Ecuador","Ecuador",0,"2018-07-30","2018-08-05",7,2018,31,18001002,1376,0,"TBC"
"Ecuador","Ecuador",0,"2018-08-06","2018-08-12",7,2018,32,18001002,1355,0,"TBC"
"Ecuador","Ecuador",0,"2018-08-13","2018-08-19",7,2018,33,18001002,1440,0,"TBC"
"Ecuador","Ecuador",0,"2018-08-20","2018-08-26",7,2018,34,18001002,1318,0,"TBC"
"Ecuador","Ecuador",0,"2018-08-27","2018-09-02",7,2018,35,18001002,1444,0,"TBC"
"Ecuador","Ecuador",0,"2018-09-03","2018-09-09",7,2018,36,18001002,1361,0,"TBC"
"Ecuador","Ecuador",0,"2018-09-10","2018-09-16",7,2018,37,18001002,1373,0,"TBC"
"Ecuador","Ecuador",0,"2018-09-17","2018-09-23",7,2018,38,18001002,1296,0,"TBC"
"Ecuador","Ecuador",0,"2018-09-24","2018-09-30",7,2018,39,18001002,1352,0,"TBC"
"Ecuador","Ecuador",0,"2018-10-01","2018-10-07",7,2018,40,18001002,1403,0,"TBC"
"Ecuador","Ecuador",0,"2018-10-08","2018-10-14",7,2018,41,18001002,1315,0,"TBC"
"Ecuador","Ecuador",0,"2018-10-15","2018-10-21",7,2018,42,18001002,1326,0,"TBC"
"Ecuador","Ecuador",0,"2018-10-22","2018-10-28",7,2018,43,18001002,1311,0,"TBC"
"Ecuador","Ecuador",0,"2018-10-29","2018-11-04",7,2018,44,18001002,1370,0,"TBC"
"Ecuador","Ecuador",0,"2018-11-05","2018-11-11",7,2018,45,18001002,1394,0,"TBC"
"Ecuador","Ecuador",0,"2018-11-12","2018-11-18",7,2018,46,18001002,1337,0,"TBC"
"Ecuador","Ecuador",0,"2018-11-19","2018-11-25",7,2018,47,18001002,1344,0,"TBC"
"Ecuador","Ecuador",0,"2018-11-26","2018-12-02",7,2018,48,18001002,1331,0,"TBC"
"Ecuador","Ecuador",0,"2018-12-03","2018-12-09",7,2018,49,18001002,1380,0,"TBC"
"Ecuador","Ecuador",0,"2018-12-10","2018-12-16",7,2018,50,18001002,1447,0,"TBC"
"Ecuador","Ecuador",0,"2018-12-17","2018-12-23",7,2018,51,18001002,1492,0,"TBC"
"Ecuador","Ecuador",0,"2018-12-24","2018-12-30",7,2018,52,18001002,1501,0,"TBC"
"Ecuador","Ecuador",0,"2018-12-31","2019-01-06",7,2019,1,18001002,1540,0,"TBC"
"Ecuador","Ecuador",0,"2019-01-07","2019-01-13",7,2019,2,18001002,1534,0,"TBC"
"Ecuador","Ecuador",0,"2019-01-14","2019-01-20",7,2019,3,18001002,1499,0,"TBC"
"Ecuador","Ecuador",0,"2019-01-21","2019-01-27",7,2019,4,18001002,1528,0,"TBC"
"Ecuador","Ecuador",0,"2019-01-28","2019-02-03",7,2019,5,18001002,1478,0,"TBC"
"Ecuador","Ecuador",0,"2019-02-04","2019-02-10",7,2019,6,18001002,1529,0,"TBC"
"Ecuador","Ecuador",0,"2019-02-11","2019-02-17",7,2019,7,18001002,1475,0,"TBC"
"Ecuador","Ecuador",0,"2019-02-18","2019-02-24",7,2019,8,18001002,1441,0,"TBC"
"Ecuador","Ecuador",0,"2019-02-25","2019-03-03",7,2019,9,18001002,1467,0,"TBC"
"Ecuador","Ecuador",0,"2019-03-04","2019-03-10",7,2019,10,18001002,1513,0,"TBC"
"Ecuador","Ecuador",0,"2019-03-11","2019-03-17",7,2019,11,18001002,1505,0,"TBC"
"Ecuador","Ecuador",0,"2019-03-18","2019-03-24",7,2019,12,18001002,1480,0,"TBC"
"Ecuador","Ecuador",0,"2019-03-25","2019-03-31",7,2019,13,18001002,1430,0,"TBC"
"Ecuador","Ecuador",0,"2019-04-01","2019-04-07",7,2019,14,18001002,1465,0,"TBC"
"Ecuador","Ecuador",0,"2019-04-08","2019-04-14",7,2019,15,18001002,1389,0,"TBC"
"Ecuador","Ecuador",0,"2019-04-15","2019-04-21",7,2019,16,18001002,1417,0,"TBC"
"Ecuador","Ecuador",0,"2019-04-22","2019-04-28",7,2019,17,18001002,1450,0,"TBC"
"Ecuador","Ecuador",0,"2019-04-29","2019-05-05",7,2019,18,18001002,1414,0,"TBC"
"Ecuador","Ecuador",0,"2019-05-06","2019-05-12",7,2019,19,18001002,1315,0,"TBC"
"Ecuador","Ecuador",0,"2019-05-13","2019-05-19",7,2019,20,18001002,1355,0,"TBC"
"Ecuador","Ecuador",0,"2019-05-20","2019-05-26",7,2019,21,18001002,1349,0,"TBC"
"Ecuador","Ecuador",0,"2019-05-27","2019-06-02",7,2019,22,18001002,1370,0,"TBC"
"Ecuador","Ecuador",0,"2019-06-03","2019-06-09",7,2019,23,18001002,1350,0,"TBC"
"Ecuador","Ecuador",0,"2019-06-10","2019-06-16",7,2019,24,18001002,1374,0,"TBC"
"Ecuador","Ecuador",0,"2019-06-17","2019-06-23",7,2019,25,18001002,1385,0,"TBC"
"Ecuador","Ecuador",0,"2019-06-24","2019-06-30",7,2019,26,18001002,1377,0,"TBC"
"Ecuador","Ecuador",0,"2019-07-01","2019-07-07",7,2019,27,18001002,1441,0,"TBC"
"Ecuador","Ecuador",0,"2019-07-08","2019-07-14",7,2019,28,18001002,1308,0,"TBC"
"Ecuador","Ecuador",0,"2019-07-15","2019-07-21",7,2019,29,18001002,1404,0,"TBC"
"Ecuador","Ecuador",0,"2019-07-22","2019-07-28",7,2019,30,18001002,1365,0,"TBC"
"Ecuador","Ecuador",0,"2019-07-29","2019-08-04",7,2019,31,18001002,1372,0,"TBC"
"Ecuador","Ecuador",0,"2019-08-05","2019-08-11",7,2019,32,18001002,1407,0,"TBC"
"Ecuador","Ecuador",0,"2019-08-12","2019-08-18",7,2019,33,18001002,1436,0,"TBC"
"Ecuador","Ecuador",0,"2019-08-19","2019-08-25",7,2019,34,18001002,1399,0,"TBC"
"Ecuador","Ecuador",0,"2019-08-26","2019-09-01",7,2019,35,18001002,1444,0,"TBC"
"Ecuador","Ecuador",0,"2019-09-02","2019-09-08",7,2019,36,18001002,1497,0,"TBC"
"Ecuador","Ecuador",0,"2019-09-09","2019-09-15",7,2019,37,18001002,1447,0,"TBC"
"Ecuador","Ecuador",0,"2019-09-16","2019-09-22",7,2019,38,18001002,1402,0,"TBC"
"Ecuador","Ecuador",0,"2019-09-23","2019-09-29",7,2019,39,18001002,1398,0,"TBC"
"Ecuador","Ecuador",0,"2019-09-30","2019-10-06",7,2019,40,18001002,1325,0,"TBC"
"Ecuador","Ecuador",0,"2019-10-07","2019-10-13",7,2019,41,18001002,1349,0,"TBC"
"Ecuador","Ecuador",0,"2019-10-14","2019-10-20",7,2019,42,18001002,1371,0,"TBC"
"Ecuador","Ecuador",0,"2019-10-21","2019-10-27",7,2019,43,18001002,1306,0,"TBC"
"Ecuador","Ecuador",0,"2019-10-28","2019-11-03",7,2019,44,18001002,1426,0,"TBC"
"Ecuador","Ecuador",0,"2019-11-04","2019-11-10",7,2019,45,18001002,1432,0,"TBC"
"Ecuador","Ecuador",0,"2019-11-11","2019-11-17",7,2019,46,18001002,1384,0,"TBC"
"Ecuador","Ecuador",0,"2019-11-18","2019-11-24",7,2019,47,18001002,1441,0,"TBC"
"Ecuador","Ecuador",0,"2019-11-25","2019-12-01",7,2019,48,18001002,1381,0,"TBC"
"Ecuador","Ecuador",0,"2019-12-02","2019-12-08",7,2019,49,18001002,1350,0,"TBC"
"Ecuador","Ecuador",0,"2019-12-09","2019-12-15",7,2019,50,18001002,1479,0,"TBC"
"Ecuador","Ecuador",0,"2019-12-16","2019-12-22",7,2019,51,18001002,1359,0,"TBC"
"Ecuador","Ecuador",0,"2019-12-23","2019-12-29",7,2019,52,18001002,1127,0,"TBC"
"Ecuador","Ecuador",0,"2019-12-30","2020-01-05",7,2020,1,18001002,1372,0,"TBC"
"Ecuador","Ecuador",0,"2020-01-06","2020-01-12",7,2020,2,18001002,1567,0,"TBC"
"Ecuador","Ecuador",0,"2020-01-13","2020-01-19",7,2020,3,18001002,1518,0,"TBC"
"Ecuador","Ecuador",0,"2020-01-20","2020-01-26",7,2020,4,18001002,1461,0,"TBC"
"Ecuador","Ecuador",0,"2020-01-27","2020-02-02",7,2020,5,18001002,1365,0,"TBC"
"Ecuador","Ecuador",0,"2020-02-03","2020-02-09",7,2020,6,18001002,1433,0,"TBC"
"Ecuador","Ecuador",0,"2020-02-10","2020-02-16",7,2020,7,18001002,1512,0,"TBC"
"Ecuador","Ecuador",0,"2020-02-17","2020-02-23",7,2020,8,18001002,1483,0,"TBC"
"Ecuador","Ecuador",0,"2020-02-24","2020-03-01",7,2020,9,18001002,1546,0,"TBC"
"Ecuador","Ecuador",0,"2020-03-02","2020-03-08",7,2020,10,18001002,1445,0,"TBC"
"Ecuador","Ecuador",0,"2020-03-09","2020-03-15",7,2020,11,18001002,1476,2,"TBC"
"Ecuador","Ecuador",0,"2020-03-16","2020-03-22",7,2020,12,18001002,1538,12,"TBC"
"Ecuador","Ecuador",0,"2020-03-23","2020-03-29",7,2020,13,18001002,3780,44,"TBC"
"Ecuador","Ecuador",0,"2020-03-30","2020-04-05",7,2020,14,18001002,7260,122,"TBC"
"Ecuador","Ecuador",0,"2020-04-06","2020-04-12",7,2020,15,18001002,6440,153,"TBC"
"Ecuador","Ecuador",0,"2020-04-13","2020-04-19",7,2020,16,18001002,4524,141,"TBC"
"Ecuador","Ecuador",0,"2020-04-20","2020-04-26",7,2020,17,18001002,3522,102,"TBC"
"Ecuador","Ecuador",0,"2020-04-27","2020-05-03",7,2020,18,18001002,2873,988,"TBC"
"Ecuador","Ecuador",0,"2020-05-04","2020-05-10",7,2020,19,18001002,2634,563,"TBC"
"Ecuador","Ecuador",0,"2020-05-11","2020-05-17",7,2020,20,18001002,2327,609,"TBC"
"Ecuador","Ecuador",0,"2020-05-18","2020-05-24",7,2020,21,18001002,2207,372,"TBC"
"Ecuador","Ecuador",0,"2020-05-25","2020-05-31",7,2020,22,18001002,2131,250,"TBC"
"Ecuador","Ecuador",0,"2020-06-01","2020-06-07",7,2020,23,18001002,2097,263,"TBC"
"Ecuador","Ecuador",0,"2020-06-08","2020-06-14",7,2020,24,18001002,2188,275,"TBC"
"Ecuador","Ecuador",0,"2020-06-15","2020-06-21",7,2020,25,18001002,2157,327,"TBC"
"Ecuador","Ecuador",0,"2020-06-22","2020-06-28",7,2020,26,18001002,2147,206,"TBC"
"Ecuador","Ecuador",0,"2020-06-29","2020-07-05",7,2020,27,18001002,2249,352,"TBC"
"Ecuador","Ecuador",0,"2020-07-06","2020-07-12",7,2020,28,18001002,2436,266,"TBC"
"Ecuador","Ecuador",0,"2020-07-13","2020-07-19",7,2020,29,18001002,2540,266,"TBC"
"Ecuador","Ecuador",0,"2020-07-20","2020-07-26",7,2020,30,18001002,2577,202,"TBC"
"Ecuador","Ecuador",0,"2020-07-27","2020-08-02",7,2020,31,18001002,2547,221,"TBC"
"Ecuador","Ecuador",0,"2020-08-03","2020-08-09",7,2020,32,18001002,2491,186,"TBC"
"Ecuador","Ecuador",0,"2020-08-10","2020-08-16",7,2020,33,18001002,2382,148,"TBC"
"Ecuador","Ecuador",0,"2020-08-17","2020-08-23",7,2020,34,18001002,2201,240,"TBC"
"Ecuador","Ecuador",0,"2020-08-24","2020-08-30",7,2020,35,18001002,2090,245,"TBC"
"Ecuador","Ecuador",0,"2020-08-31","2020-09-06",7,2020,36,18001002,2073,169,"TBC"
"Ecuador","Ecuador",0,"2020-09-07","2020-09-13",7,2020,37,18001002,1953,327,"TBC"
"Ecuador","Ecuador",0,"2020-09-14","2020-09-20",7,2020,38,18001002,1887,187,"TBC"
"Ecuador","Ecuador",0,"2020-09-21","2020-09-27",7,2020,39,18001002,1789,189,"TBC"
"Ecuador","Ecuador",0,"2020-09-28","2020-10-04",7,2020,40,18001002,1704,368,"TBC"
"Ecuador","Ecuador",0,"2020-10-05","2020-10-11",7,2020,41,18001002,1832,544,"TBC"
"Ecuador","Ecuador",0,"2020-10-12","2020-10-18",7,2020,42,18001002,1719,196,"TBC"
"Ecuador","Ecuador",0,"2020-10-19","2020-10-25",7,2020,43,18001002,1759,166,"TBC"
"Ecuador","Ecuador",0,"2020-10-26","2020-11-01",7,2020,44,18001002,1685,131,"TBC"
"Ecuador","Ecuador",0,"2020-11-02","2020-11-08",7,2020,45,18001002,1675,146,"TBC"
"Ecuador","Ecuador",0,"2020-11-09","2020-11-15",7,2020,46,18001002,1766,178,"TBC"
"Ecuador","Ecuador",0,"2020-11-16","2020-11-22",7,2020,47,18001002,1816,193,"TBC"
"Ecuador","Ecuador",0,"2020-11-23","2020-11-29",7,2020,48,18001002,1723,222,"TBC"
"Ecuador","Ecuador",0,"2020-11-30","2020-12-06",7,2020,49,18001002,1803,355,"TBC"
"Ecuador","Ecuador",0,"2020-12-07","2020-12-13",7,2020,50,18001002,1670,97,"TBC"
"Ecuador","Ecuador",0,"2020-12-14","2020-12-20",7,2020,51,18001002,1788,73,"TBC"
"Ecuador","Ecuador",0,"2020-12-21","2020-12-27",7,2020,52,18001002,1783,44,"TBC"
"Ecuador","Ecuador",0,"2020-12-28","2021-01-03",7,2020,53,18001002,1922,67,"TBC"
"Ecuador","Ecuador",0,"2021-01-04","2021-01-10",7,2021,1,18001002,2014,118,"TBC"
"Ecuador","Ecuador",0,"2021-01-11","2021-01-17",7,2021,2,18001002,2202,142,"TBC"
"Ecuador","Ecuador",0,"2021-01-18","2021-01-24",7,2021,3,18001002,2349,304,"TBC"
"Ecuador","Ecuador",0,"2021-01-25","2021-01-31",7,2021,4,18001002,2219,236,"TBC"
"Ecuador","Ecuador",0,"2021-02-01","2021-02-07",7,2021,5,18001002,2244,153,"TBC"
"Ecuador","Ecuador",0,"2021-02-08","2021-02-14",7,2021,6,18001002,2222,309,"TBC"
"Ecuador","Ecuador",0,"2021-02-15","2021-02-21",7,2021,7,18001002,2258,215,"TBC"
"Ecuador","Ecuador",0,"2021-02-22","2021-02-28",7,2021,8,18001002,2286,275,"TBC"
"Ecuador","Ecuador",0,"2021-03-01","2021-03-07",7,2021,9,18001002,2231,228,"TBC"
"Ecuador","Ecuador",0,"2021-03-08","2021-03-14",7,2021,10,18001002,2434,197,"TBC"
"Ecuador","Ecuador",0,"2021-03-15","2021-03-21",7,2021,11,18001002,2642,215,"TBC"
"Ecuador","Ecuador",0,"2021-03-22","2021-03-28",7,2021,12,18001002,2726,287,"TBC"
"Ecuador","Ecuador",0,"2021-03-29","2021-04-04",7,2021,13,18001002,2868,218,"TBC"
"Ecuador","Ecuador",0,"2021-04-05","2021-04-11",7,2021,14,18001002,3061,337,"TBC"
"Ecuador","Ecuador",0,"2021-04-12","2021-04-18",7,2021,15,18001002,3158,410,"TBC"
"Ecuador","Ecuador",0,"2021-04-19","2021-04-25",7,2021,16,18001002,3276,474,"TBC"
"Ecuador","Ecuador",0,"2021-04-26","2021-05-02",7,2021,17,18001002,3102,563,"TBC"
"Ecuador","Ecuador",0,"2021-05-03","2021-05-09",7,2021,18,18001002,2909,482,"TBC"
"Ecuador","Ecuador",0,"2021-05-10","2021-05-16",7,2021,19,18001002,2593,477,"TBC"
"Ecuador","Ecuador",0,"2021-05-17","2021-05-23",7,2021,20,18001002,2397,494,"TBC"
"Ecuador","Ecuador",0,"2021-05-24","2021-05-30",7,2021,21,18001002,2191,352,"TBC"
"Ecuador","Ecuador",0,"2021-05-31","2021-06-06",7,2021,22,18001002,2006,264,"TBC"
"Ecuador","Ecuador",0,"2021-06-07","2021-06-13",7,2021,23,18001002,1988,239,"TBC"
"Ecuador","Ecuador",0,"2021-06-14","2021-06-20",7,2021,24,18001002,1942,245,"TBC"
"Ecuador","Ecuador",0,"2021-06-21","2021-06-27",7,2021,25,18001002,1926,230,"TBC"
"Ecuador","Ecuador",0,"2021-06-28","2021-07-04",7,2021,26,18001002,1839,137,"TBC"
"Ecuador","Ecuador",0,"2021-07-05","2021-07-11",7,2021,27,18001002,1889,170,"TBC"
"Ecuador","Ecuador",0,"2021-07-12","2021-07-18",7,2021,28,18001002,1822,123,"TBC"
"Ecuador","Ecuador",0,"2021-07-19","2021-07-25",7,2021,29,18001002,1746,58,"TBC"
"Ecuador","Ecuador",0,"2021-07-26","2021-08-01",7,2021,30,18001002,1776,837,"TBC"
"Ecuador","Ecuador",0,"2021-08-02","2021-08-08",7,2021,31,18001002,1634,161,"TBC"
"Ecuador","Ecuador",0,"2021-08-09","2021-08-15",7,2021,32,18001002,1597,178,"TBC"
"Ecuador","Ecuador",0,"2021-08-16","2021-08-22",7,2021,33,18001002,1559,114,"TBC"
"Ecuador","Ecuador",0,"2021-08-23","2021-08-29",7,2021,34,18001002,1620,145,"TBC"
"Ecuador","Ecuador",0,"2021-08-30","2021-09-05",7,2021,35,18001002,1588,120,"TBC"
"Ecuador","Ecuador",0,"2021-09-06","2021-09-12",7,2021,36,18001002,1534,96,"TBC"
"Ecuador","Ecuador",0,"2021-09-13","2021-09-19",7,2021,37,18001002,1555,213,"TBC"
"Ecuador","Ecuador",0,"2021-09-20","2021-09-26",7,2021,38,18001002,1504,86,"TBC"
"Ecuador","Ecuador",0,"2021-09-27","2021-10-03",7,2021,39,18001002,1618,58,"TBC"
"Ecuador","Ecuador",0,"2021-10-04","2021-10-10",7,2021,40,18001002,1514,42,"TBC"
"Ecuador","Ecuador",0,"2021-10-11","2021-10-17",7,2021,41,18001002,1564,81,"TBC"
"Ecuador","Ecuador",0,"2021-10-18","2021-10-24",7,2021,42,18001002,1488,24,"TBC"
"Ecuador","Ecuador",0,"2021-10-25","2021-10-31",7,2021,43,18001002,1481,28,"TBC"
"Ecuador","Ecuador",0,"2021-11-01","2021-11-07",7,2021,44,18001002,1486,9,"TBC"
"Ecuador","Ecuador",0,"2021-11-08","2021-11-14",7,2021,45,18001002,1594,99,"TBC"
"Ecuador","Ecuador",0,"2021-11-15","2021-11-21",7,2021,46,18001002,1617,37,"TBC"
"Ecuador","Ecuador",0,"2021-11-22","2021-11-28",7,2021,47,18001002,1602,109,"TBC"
"Ecuador","Ecuador",0,"2021-11-29","2021-12-05",7,2021,48,18001002,1539,250,"TBC"
"Ecuador","Ecuador",0,"2021-12-06","2021-12-12",7,2021,49,18001002,1648,77,"TBC"
"Ecuador","Ecuador",0,"2021-12-13","2021-12-19",7,2021,50,18001002,1658,36,"TBC"
"Ecuador","Ecuador",0,"2021-12-20","2021-12-26",7,2021,51,18001002,1751,52,"TBC"
"Ecuador","Ecuador",0,"2021-12-27","2022-01-02",7,2021,52,18001002,1813,34,"TBC"
"Ecuador","Ecuador",0,"2022-01-03","2022-01-09",7,2022,1,18001002,1960,26,"TBC"
"Ecuador","Ecuador",0,"2022-01-10","2022-01-16",7,2022,2,18001002,2296,518,"TBC"
"Ecuador","Ecuador",0,"2022-01-17","2022-01-23",7,2022,3,18001002,2672,102,"TBC"
"Ecuador","Ecuador",0,"2022-01-24","2022-01-30",7,2022,4,18001002,2536,185,"TBC"
"Ecuador","Ecuador",0,"2022-01-31","2022-02-06",7,2022,5,18001002,2402,225,"TBC"
"Ecuador","Ecuador",0,"2022-02-07","2022-02-13",7,2022,6,18001002,2066,115,"TBC"
"Ecuador","Ecuador",0,"2022-02-14","2022-02-20",7,2022,7,18001002,1840,251,"TBC"
"Ecuador","Ecuador",0,"2022-02-21","2022-02-27",7,2022,8,18001002,1700,118,"TBC"
"Ecuador","Ecuador",0,"2022-02-28","2022-03-06",7,2022,9,18001002,1813,41,"TBC"
"Ecuador","Ecuador",0,"2022-03-07","2022-03-13",7,2022,10,18001002,1629,52,"TBC"
"Ecuador","Ecuador",0,"2022-03-14","2022-03-20",7,2022,11,18001002,1641,94,"TBC"
"Ecuador","Ecuador",0,"2022-03-21","2022-03-27",7,2022,12,18001002,1745,8,"TBC"
"Ecuador","Ecuador",0,"2022-03-28","2022-04-03",7,2022,13,18001002,1689,3,"TBC"
"Ecuador","Ecuador",0,"2022-04-04","2022-04-10",7,2022,14,18001002,1626,40,"TBC"
"Ecuador","Ecuador",0,"2022-04-11","2022-04-17",7,2022,15,18001002,1617,52,"TBC"
"Ecuador","Ecuador",0,"2022-04-18","2022-04-24",7,2022,16,18001002,1628,68,"TBC"
"Ecuador","Ecuador",0,"2022-04-25","2022-05-01",7,2022,17,18001002,1550,17,"TBC"
"Ecuador","Ecuador",0,"2022-05-02","2022-05-08",7,2022,18,18001002,1546,0,"TBC"
"Ecuador","Ecuador",0,"2022-05-09","2022-05-15",7,2022,19,18001002,1621,9,"TBC"
"Ecuador","Ecuador",0,"2022-05-16","2022-05-22",7,2022,20,18001002,1576,10,"TBC"
"Ecuador","Ecuador",0,"2022-05-23","2022-05-29",7,2022,21,18001002,1613,7,"TBC"
"Ecuador","Ecuador",0,"2022-05-30","2022-06-05",7,2022,22,18001002,1608,21,"TBC"
"Ecuador","Ecuador",0,"2022-06-06","2022-06-12",7,2022,23,18001002,1691,7,"TBC"
"Ecuador","Ecuador",0,"2022-06-13","2022-06-19",7,2022,24,18001002,1658,41,"TBC"
"Ecuador","Ecuador",0,"2022-06-20","2022-06-26",7,2022,25,18001002,1706,12,"TBC"
"Ecuador","Ecuador",0,"2022-06-27","2022-07-03",7,2022,26,18001002,1670,20,"TBC"
"Ecuador","Ecuador",0,"2022-07-04","2022-07-10",7,2022,27,18001002,1650,24,"TBC"
"Ecuador","Ecuador",0,"2022-07-11","2022-07-17",7,2022,28,18001002,1714,20,"TBC"
"Ecuador","Ecuador",0,"2022-07-18","2022-07-24",7,2022,29,18001002,1738,17,"TBC"
"Ecuador","Ecuador",0,"2022-07-25","2022-07-31",7,2022,30,18001002,1761,15,"TBC"
"Ecuador","Ecuador",0,"2022-08-01","2022-08-07",7,2022,31,18001002,1724,10,"TBC"
"Ecuador","Ecuador",0,"2022-08-08","2022-08-14",7,2022,32,18001002,1805,0,"TBC"
"Ecuador","Ecuador",0,"2022-08-15","2022-08-21",7,2022,33,18001002,1728,1,"TBC"
"Ecuador","Ecuador",0,"2022-08-22","2022-08-28",7,2022,34,18001002,1690,18,"TBC"
"Ecuador","Ecuador",0,"2022-08-29","2022-09-04",7,2022,35,18001002,1653,31,"TBC"
"Ecuador","Ecuador",0,"2022-09-05","2022-09-11",7,2022,36,18001002,1563,15,"TBC"
"Ecuador","Ecuador",0,"2022-09-12","2022-09-18",7,2022,37,18001002,1626,9,"TBC"
"Ecuador","Ecuador",0,"2022-09-19","2022-09-25",7,2022,38,18001002,1567,2,"TBC"
"Ecuador","Ecuador",0,"2022-09-26","2022-10-02",7,2022,39,18001002,1574,12,"TBC"
"Ecuador","Ecuador",0,"2022-10-03","2022-10-09",7,2022,40,18001002,1577,1,"TBC"
"Ecuador","Ecuador",0,"2022-10-10","2022-10-16",7,2022,41,18001002,1574,4,"TBC"
"Ecuador","Ecuador",0,"2022-10-17","2022-10-23",7,2022,42,18001002,1561,4,"TBC"
"Ecuador","Ecuador",0,"2022-10-24","2022-10-30",7,2022,43,18001002,1556,12,"TBC"
"Ecuador","Ecuador",0,"2022-10-31","2022-11-06",7,2022,44,18001002,1641,14,"TBC"
"Ecuador","Ecuador",0,"2022-11-07","2022-11-13",7,2022,45,18001002,1487,1,"TBC"
"Ecuador","Ecuador",0,"2022-11-14","2022-11-20",7,2022,46,18001002,1561,0,"TBC"
"Ecuador","Ecuador",0,"2022-11-21","2022-11-27",7,2022,47,18001002,1646,5,"TBC"
"Ecuador","Ecuador",0,"2022-11-28","2022-12-04",7,2022,48,18001002,1739,0,"TBC"
"Ecuador","Ecuador",0,"2022-12-05","2022-12-11",7,2022,49,18001002,1714,0,"TBC"
"Ecuador","Ecuador",0,"2022-12-12","2022-12-18",7,2022,50,18001002,1746,0,"TBC"
"Ecuador","Ecuador",0,"2022-12-19","2022-12-25",7,2022,51,18001002,1843,0,"TBC"
"Ecuador","Ecuador",0,"2022-12-26","2023-01-01",7,2022,52,18001002,1873,0,"TBC"
"Ecuador","Ecuador",0,"2023-01-02","2023-01-08",7,2023,1,18001002,1732,0,"TBC"
"Ecuador","Ecuador",0,"2023-01-09","2023-01-15",7,2023,2,18001002,1663,0,"TBC"
"Ecuador","Ecuador",0,"2023-01-16","2023-01-22",7,2023,3,18001002,1661,0,"TBC"
"Ecuador","Ecuador",0,"2023-01-23","2023-01-29",7,2023,4,18001002,1657,2,"TBC"
"Ecuador","Ecuador",0,"2023-01-30","2023-02-05",7,2023,5,18001002,1665,0,"TBC"
"Ecuador","Ecuador",0,"2023-02-06","2023-02-12",7,2023,6,18001002,1617,23,"TBC"
"Ecuador","Ecuador",0,"2023-02-13","2023-02-19",7,2023,7,18001002,1689,43,"TBC"
"Ecuador","Ecuador",0,"2023-02-20","2023-02-26",7,2023,8,18001002,1655,0,"TBC"
"Ecuador","Ecuador",0,"2023-02-27","2023-03-05",7,2023,9,18001002,1598,6,"TBC"
"Ecuador","Ecuador",0,"2023-03-06","2023-03-12",7,2023,10,18001002,1725,0,"TBC"
"Ecuador","Ecuador",0,"2023-03-13","2023-03-19",7,2023,11,18001002,1724,0,"TBC"
"Ecuador","Ecuador",0,"2023-03-20","2023-03-26",7,2023,12,18001002,1835,0,"TBC"
"Ecuador","Ecuador",0,"2023-03-27","2023-04-02",7,2023,13,18001002,1718,0,"TBC"
"Ecuador","Ecuador",0,"2023-04-03","2023-04-09",7,2023,14,18001002,1733,0,"TBC"
"Ecuador","Ecuador",0,"2023-04-10","2023-04-16",7,2023,15,18001002,1745,0,"TBC"
"Ecuador","Ecuador",0,"2023-04-17","2023-04-23",7,2023,16,18001002,1651,0,"TBC"
"Ecuador","Ecuador",0,"2023-04-24","2023-04-30",7,2023,17,18001002,1742,0,"TBC"
"Ecuador","Ecuador",0,"2023-05-01","2023-05-07",7,2023,18,18001002,1824,0,"TBC"
"Ecuador","Ecuador",0,"2023-05-08","2023-05-14",7,2023,19,18001002,1723,0,"TBC"
"Ecuador","Ecuador",0,"2023-05-15","2023-05-21",7,2023,20,18001002,1716,0,"TBC"
"Ecuador","Ecuador",0,"2023-05-22","2023-05-28",7,2023,21,18001002,1721,0,"TBC"
"Ecuador","Ecuador",0,"2023-05-29","2023-06-04",7,2023,22,18001002,1704,0,"TBC"
"Ecuador","Ecuador",0,"2023-06-05","2023-06-11",7,2023,23,18001002,1725,0,"TBC"
"Ecuador","Ecuador",0,"2023-06-12","2023-06-18",7,2023,24,18001002,1642,0,"TBC"
"Ecuador","Ecuador",0,"2023-06-19","2023-06-25",7,2023,25,18001002,1792,0,"TBC"
"Ecuador","Ecuador",0,"2023-06-26","2023-07-02",7,2023,26,18001002,1693,0,"TBC"
"Ecuador","Ecuador",0,"2023-07-03","2023-07-09",7,2023,27,18001002,1682,0,"TBC"
"Ecuador","Ecuador",0,"2023-07-10","2023-07-16",7,2023,28,18001002,1728,0,"TBC"
"Ecuador","Ecuador",0,"2023-07-17","2023-07-23",7,2023,29,18001002,1711,0,"TBC"
"Ecuador","Ecuador",0,"2023-07-24","2023-07-30",7,2023,30,18001002,1631,0,"TBC"
"Ecuador","Ecuador",0,"2023-07-31","2023-08-06",7,2023,31,18001002,1631,0,"TBC"
"Ecuador","Ecuador",0,"2023-08-07","2023-08-13",7,2023,32,18001002,1656,0,"TBC"
"Ecuador","Ecuador",0,"2023-08-14","2023-08-20",7,2023,33,18001002,1602,0,"TBC"
"Ecuador","Ecuador",0,"2023-08-21","2023-08-27",7,2023,34,18001002,1643,0,"TBC"
"Ecuador","Ecuador",0,"2023-08-28","2023-09-03",7,2023,35,18001002,1621,0,"TBC"
"Ecuador","Ecuador",0,"2023-09-04","2023-09-10",7,2023,36,18001002,1672,0,"TBC"
"Ecuador","Ecuador",0,"2023-09-11","2023-09-17",7,2023,37,18001002,1573,0,"TBC"
"Ecuador","Ecuador",0,"2023-09-18","2023-09-24",7,2023,38,18001002,1687,0,"TBC"
"Ecuador","Ecuador",0,"2023-09-25","2023-10-01",7,2023,39,18001002,1684,0,"TBC"
"Ecuador","Ecuador",0,"2023-10-02","2023-10-08",7,2023,40,18001002,1732,0,"TBC"
"Ecuador","Ecuador",0,"2023-10-09","2023-10-15",7,2023,41,18001002,1612,0,"TBC"
"Ecuador","Ecuador",0,"2023-10-16","2023-10-22",7,2023,42,18001002,1614,0,"TBC"
"Ecuador","Ecuador",0,"2023-10-23","2023-10-29",7,2023,43,18001002,1707,0,"TBC"
"Ecuador","Ecuador",0,"2023-10-30","2023-11-05",7,2023,44,18001002,1737,0,"TBC"
"Ecuador","Ecuador",0,"2023-11-06","2023-11-12",7,2023,45,18001002,1701,0,"TBC"
"Ecuador","Ecuador",0,"2023-11-13","2023-11-19",7,2023,46,18001002,1717,0,"TBC"
"Ecuador","Ecuador",0,"2023-11-20","2023-11-26",7,2023,47,18001002,1837,0,"TBC"
"Ecuador","Ecuador",0,"2023-11-27","2023-12-03",7,2023,48,18001002,1745,0,"TBC"
"Ecuador","Ecuador",0,"2023-12-04","2023-12-10",7,2023,49,18001002,1721,0,"TBC"
"Ecuador","Ecuador",0,"2023-12-11","2023-12-17",7,2023,50,18001002,1764,0,"TBC"
"Ecuador","Ecuador",0,"2023-12-18","2023-12-24",7,2023,51,18001002,1820,0,"TBC"
"Ecuador","Ecuador",0,"2023-12-25","2023-12-31",7,2023,52,18001002,1831,0,"TBC"
"Ecuador","Ecuador",0,"2024-01-01","2024-01-07",7,2024,1,18001002,1806,0,"TBC"
"Ecuador","Ecuador",0,"2024-01-08","2024-01-14",7,2024,2,18001002,1713,0,"TBC"
"Ecuador","Ecuador",0,"2024-01-15","2024-01-21",7,2024,3,18001002,1638,0,"TBC"
"Ecuador","Ecuador",0,"2024-01-22","2024-01-28",7,2024,4,18001002,1702,0,"TBC"
"Ecuador","Ecuador",0,"2024-01-29","2024-02-04",7,2024,5,18001002,1640,0,"TBC"
"Ecuador","Ecuador",0,"2024-02-05","2024-02-11",7,2024,6,18001002,1575,0,"TBC"
"Ecuador","Ecuador",0,"2024-02-12","2024-02-18",7,2024,7,18001002,1629,0,"TBC"
"Ecuador","Ecuador",0,"2024-02-19","2024-02-25",7,2024,8,18001002,1634,0,"TBC"
"Ecuador","Ecuador",0,"2024-02-26","2024-03-03",7,2024,9,18001002,1662,0,"TBC"
"Ecuador","Ecuador",0,"2024-03-04","2024-03-10",7,2024,10,18001002,1682,0,"TBC"
"Ecuador","Ecuador",0,"2024-03-11","2024-03-17",7,2024,11,18001002,1688,0,"TBC"
"Ecuador","Ecuador",0,"2024-03-18","2024-03-24",7,2024,12,18001002,1750,0,"TBC"
"Ecuador","Ecuador",0,"2024-03-25","2024-03-31",7,2024,13,18001002,1700,0,"TBC"
"Ecuador","Ecuador",0,"2024-04-01","2024-04-07",7,2024,14,18001002,1662,0,"TBC"
"Ecuador","Ecuador",0,"2024-04-08","2024-04-14",7,2024,15,18001002,1726,0,"TBC"
"Ecuador","Ecuador",0,"2024-04-15","2024-04-21",7,2024,16,18001002,1627,0,"TBC"
"Ecuador","Ecuador",0,"2024-04-22","2024-04-28",7,2024,17,18001002,1695,0,"TBC"
"Ecuador","Ecuador",0,"2024-04-29","2024-05-05",7,2024,18,18001002,1616,0,"TBC"
"Ecuador","Ecuador",0,"2024-05-06","2024-05-12",7,2024,19,18001002,1699,0,"TBC"
"Ecuador","Ecuador",0,"2024-05-13","2024-05-19",7,2024,20,18001002,1601,0,"TBC"
"Ecuador","Ecuador",0,"2024-05-20","2024-05-26",7,2024,21,18001002,1627,0,"TBC"
"Ecuador","Ecuador",0,"2024-05-27","2024-06-02",7,2024,22,18001002,1616,0,"TBC"
"Ecuador","Ecuador",0,"2024-06-03","2024-06-09",7,2024,23,18001002,1696,0,"TBC"
"Ecuador","Ecuador",0,"2024-06-10","2024-06-16",7,2024,24,18001002,1756,0,"TBC"
"Ecuador","Ecuador",0,"2024-06-17","2024-06-23",7,2024,25,18001002,1682,0,"TBC"
"Ecuador","Ecuador",0,"2024-06-24","2024-06-30",7,2024,26,18001002,1688,0,"TBC"
"Ecuador","Ecuador",0,"2024-07-01","2024-07-07",7,2024,27,18001002,1701,0,"TBC"
"Ecuador","Ecuador",0,"2024-07-08","2024-07-14",7,2024,28,18001002,1679,0,"TBC"
"Ecuador","Ecuador",0,"2024-07-15","2024-07-21",7,2024,29,18001002,1670,0,"TBC"
"Ecuador","Ecuador",0,"2024-07-22","2024-07-28",7,2024,30,18001002,1757,0,"TBC"
"Ecuador","Ecuador",0,"2024-07-29","2024-08-04",7,2024,31,18001002,1715,0,"TBC"
"Ecuador","Ecuador",0,"2024-08-05","2024-08-11",7,2024,32,18001002,1682,0,"TBC"
"Ecuador","Ecuador",0,"2024-08-12","2024-08-18",7,2024,33,18001002,1703,0,"TBC"
"Ecuador","Ecuador",0,"2024-08-19","2024-08-25",7,2024,34,18001002,1733,0,"TBC"
"Ecuador","Ecuador",0,"2024-08-26","2024-09-01",7,2024,35,18001002,1714,0,"TBC"
"Ecuador","Ecuador",0,"2024-09-02","2024-09-08",7,2024,36,18001002,1770,0,"TBC"
"Ecuador","Ecuador",0,"2024-09-09","2024-09-15",7,2024,37,18001002,1715,0,"TBC"
"Ecuador","Ecuador",0,"2024-09-16","2024-09-22",7,2024,38,18001002,1669,0,"TBC"
"Ecuador","Ecuador",0,"2024-09-23","2024-09-29",7,2024,39,18001002,1724,0,"TBC"
"Ecuador","Ecuador",0,"2024-09-30","2024-10-06",7,2024,40,18001002,1757,0,"TBC"
"Ecuador","Ecuador",0,"2024-10-07","2024-10-13",7,2024,41,18001002,1681,0,"TBC"
"Ecuador","Ecuador",0,"2024-10-14","2024-10-20",7,2024,42,18001002,1677,0,"TBC"
"Ecuador","Ecuador",0,"2024-10-21","2024-10-27",7,2024,43,18001002,1714,0,"TBC"
"Ecuador","Ecuador",0,"2024-10-28","2024-11-03",7,2024,44,18001002,1626,0,"TBC"
"Ecuador","Ecuador",0,"2024-11-04","2024-11-10",7,2024,45,18001002,1673,0,"TBC"
"Ecuador","Ecuador",0,"2024-11-11","2024-11-17",7,2024,46,18001002,1806,0,"TBC"
"Ecuador","Ecuador",0,"2024-11-18","2024-11-24",7,2024,47,18001002,1662,0,"TBC"
